date=[20040202
20040203
20040204
20040205
20040206
20040207
20040208
20040209
20040210
20040211
20040212
20040213
20040214
20040215
20040216
20040217
20040218
20040219
20040220
20040221
20040222
20040223
20040224
20040225
20040226
20040227
20040228
20040229
20040301
20040302
20040303
20040304
20040305
20040306
20040307
20040308
20040309
20040310
20040311
20040312
20040313
20040314
20040315
20040316
20040317
20040318
20040319
20040320
20040321
20040322
20040323
20040324
20040325
20040326
20040327
20040328
20040329
20040330
20040331
20040401
20040402
20040403
20040404
20040405
20040406
20040407
20040408
20040409
20040410
20040411
20040412
20040413
20040414
20040415
20040416
20040417
20040418
20040419
20040420
20040421
20040422
20040423
20040424
20040425
20040426
20040427
20040428
20040429
20040430
20040501
20040502
20040503
20040504
20040505
20040506
20040507
20040508
20040509
20040510
20040511
20040512
20040513
20040514
20040515
20040516
20040517
20040518
20040519
20040520
20040521
20040522
20040523
20040524
20040525
20040526
20040527
20040528
20040529
20040530
20040531
20040601
20040602
20040603
20040604
20040605
20040606
20040607
20040608
20040609
20040610
20040611
20040612
20040613
20040614
20040615
20040616
20040617
20040618
20040619
20040620
20040621
20040622
20040623
20040624
20040625
20040626
20040627
20040628
20040629
20040630
20040701
20040702
20040703
20040704
20040705
20040706
20040707
20040708
20040709
20040710
20040711
20040712
20040713
20040714
20040715
20040716
20040717
20040718
20040719
20040720
20040721
20040722
20040723
20040724
20040725
20040726
20040727
20040728
20040729
20040730
20040731
20040801
20040802
20040803
20040804
20040805
20040806
20040807
20040808
20040809
20040810
20040811
20040812
20040813
20040814
20040815
20040816
20040817
20040818
20040819
20040820
20040821
20040822
20040823
20040824
20040825
20040826
20040827
20040828
20040829
20040830
20040831
20040901
20040902
20040903
20040904
20040905
20040906
20040907
20040908
20040909
20040910
20040911
20040912
20040913
20040914
20040915
20040916
20040917
20040918
20040919
20040920
20040921
20040922
20040923
20040924
20040925
20040926
20040927
20040928
20040929
20040930
20041001
20041002
20041003
20041004
20041005
20041006
20041007
20041008
20041009
20041010
20041011
20041012
20041013
20041014
20041015
20041016
20041017
20041018
20041019
20041020
20041021
20041022
20041023
20041024
20041025
20041026
20041027
20041028
20041029
20041030
20041031
20041101
20041102
20041103
20041104
20041105
20041106
20041107
20041108
20041109
20041110
20041111
20041112
20041113
20041114
20041115
20041116
20041117
20041118
20041119
20041120
20041121
20041122
20041123
20041124
20041125
20041126
20041127
20041128
20041129
20041130
20041201
20041202
20041203
20041204
20041205
20041206
20041207
20041208
20041209
20041210
20041211
20041212
20041213
20041214
20041215
20041216
20041217
20041218
20041219
20041220
20041221
20041222
20041223
20041224
20041225
20041226
20041227
20041228
20041229
20041230
20041231
20050101
20050102
20050103
20050104
20050105
20050106
20050107
20050108
20050109
20050110
20050111
20050112
20050113
20050114
20050115
20050116
20050117
20050118
20050119
20050120
20050121
20050122
20050123
20050124
20050125
20050126
20050127
20050128
20050129
20050130
20050131
20050201
20050202
20050203
20050204
20050205
20050206
20050207
20050208
20050209
20050210
20050211
20050212
20050213
20050214
20050215
20050216
20050217
20050218
20050219
20050220
20050221
20050222
20050223
20050224
20050225
20050226
20050227
20050228
20050301
20050302
20050303
20050304
20050305
20050306
20050307
20050308
20050309
20050310
20050311
20050312
20050313
20050314
20050315
20050316
20050317
20050318
20050319
20050320
20050321
20050322
20050323
20050324
20050325
20050326
20050327
20050328
20050329
20050330
20050331
20050401
20050402
20050403
20050404
20050405
20050406
20050407
20050408
20050409
20050410
20050411
20050412
20050413
20050414
20050415
20050416
20050417
20050418
20050419
20050420
20050421
20050422
20050423
20050424
20050425
20050426
20050427
20050428
20050429
20050430
20050501
20050502
20050503
20050504
20050505
20050506
20050507
20050508
20050509
20050510
20050511
20050512
20050513
20050514
20050515
20050516
20050517
20050518
20050519
20050520
20050521
20050522
20050523
20050524
20050525
20050526
20050527
20050528
20050529
20050530
20050531
20050601
20050602
20050603
20050604
20050605
20050606
20050607
20050608
20050609
20050610
20050611
20050612
20050613
20050614
20050615
20050616
20050617
20050618
20050619
20050620
20050621
20050622
20050623
20050624
20050625
20050626
20050627
20050628
20050629
20050630
20050701
20050702
20050703
20050704
20050705
20050706
20050707
20050708
20050709
20050710
20050711
20050712
20050713
20050714
20050715
20050716
20050717
20050718
20050719
20050720
20050721
20050722
20050723
20050724
20050725
20050726
20050727
20050728
20050729
20050730
20050731
20050801
20050802
20050803
20050804
20050805
20050806
20050807
20050808
20050809
20050810
20050811
20050812
20050813
20050814
20050815
20050816
20050817
20050818
20050819
20050820
20050821
20050822
20050823
20050824
20050825
20050826
20050827
20050828
20050829
20050830
20050831
20050901
20050902
20050903
20050904
20050905
20050906
20050907
20050908
20050909
20050910
20050911
20050912
20050913
20050914
20050915
20050916
20050917
20050918
20050919
20050920
20050921
20050922
20050923
20050924
20050925
20050926
20050927
20050928
20050929
20050930
20051001
20051002
20051003
20051004
20051005
20051006
20051007
20051008
20051009
20051010
20051011
20051012
20051013
20051014
20051015
20051016
20051017
20051018
20051019
20051020
20051021
20051022
20051023
20051024
20051025
20051026
20051027
20051028
20051029
20051030
20051031
20051101
20051102
20051103
20051104
20051105
20051106
20051107
20051108
20051109
20051110
20051111
20051112
20051113
20051114
20051115
20051116
20051117
20051118
20051119
20051120
20051121
20051122
20051123
20051124
20051125
20051126
20051127
20051128
20051129
20051130
20051201
20051202
20051203
20051204
20051205
20051206
20051207
20051208
20051209
20051210
20051211
20051212
20051213
20051214
20051215
20051216
20051217
20051218
20051219
20051220
20051221
20051222
20051223
20051224
20051225
20051226
20051227
20051228
20051229
20051230
20051231
20060101
20060102
20060103
20060104
20060105
20060106
20060107
20060108
20060109
20060110
20060111
20060112
20060113
20060114
20060115
20060116
20060117
20060118
20060119
20060120
20060121
20060122
20060123
20060124
20060125
20060126
20060127
20060128
20060129
20060130
20060131
20060201
20060202
20060203
20060204
20060205
20060206
20060207
20060208
20060209
20060210
20060211
20060212
20060213
20060214
20060215
20060216
20060217
20060218
20060219
20060220
20060221
20060222
20060223
20060224
20060225
20060226
20060227
20060228
20060301
20060302
20060303
20060304
20060305
20060306
20060307
20060308
20060309
20060310
20060311
20060312
20060313
20060314
20060315
20060316
20060317
20060318
20060319
20060320
20060321
20060322
20060323
20060324
20060325
20060326
20060327
20060328
20060329
20060330
20060331
20060401
20060402
20060403
20060404
20060405
20060406
20060407
20060408
20060409
20060410
20060411
20060412
20060413
20060414
20060415
20060416
20060417
20060418
20060419
20060420
20060421
20060422
20060423
20060424
20060425
20060426
20060427
20060428
20060429
20060430
20060501
20060502
20060503
20060504
20060505
20060506
20060507
20060508
20060509
20060510
20060511
20060512
20060513
20060514
20060515
20060516
20060517
20060518
20060519
20060520
20060521
20060522
20060523
20060524
20060525
20060526
20060527
20060528
20060529
20060530
20060531
20060601
20060602
20060603
20060604
20060605
20060606
20060607
20060608
20060609
20060610
20060611
20060612
20060613
20060614
20060615
20060616
20060617
20060618
20060619
20060620
20060621
20060622
20060623
20060624
20060625
20060626
20060627
20060628
20060629
20060630
20060701
20060702
20060703
20060704
20060705
20060706
20060707
20060708
